Fold 1
	Confusion matrix: [[1013    0    0    0    0    0]
 [   1 1023    0    0    0    0]
 [   0    1 1001    0    0    1]
 [   0    1    2  997    0    0]
 [   0    0    0    0 1005    1]
 [   0    0    0    0    0  995]]
	Precision: 0.9988392306280917
	Recall: 0.9988437585322659
	Accuracy: 0.9988412514484357
Fold 2
	Confusion matrix: [[1031    0    0    0    0    0]
 [   0 1009    1    1    0    1]
 [   0    0  996    1    0    0]
 [   0    1    0  984    0    0]
 [   0    0    0    0 1026    1]
 [   0    0    1    0    1  987]]
	Precision: 0.998670230190496
	Recall: 0.9986635901470112
	Accuracy: 0.9986757159410694
Fold 3
	Confusion matrix: [[1002    1    0    0    0    0]
 [   1 1033    0    1    0    1]
 [   0    1  986    1    0    0]
 [   0    0    0  985    0    0]
 [   0    0    1    0 1016    1]
 [   0    0    1    0    1 1008]]
	Precision: 0.9983563520118581
	Recall: 0.9983427512897308
	Accuracy: 0.9983443708609272
Fold 4
	Confusion matrix: [[ 991    1    0    0    0    0]
 [   0 1021    0    2    0    1]
 [   0    1  999    0    0    0]
 [   0    0    1  998    0    0]
 [   1    0    0    0 1007    0]
 [   0    0    1    0    0 1016]]
	Precision: 0.9986809832202802
	Recall: 0.9986759358506075
	Accuracy: 0.9986754966887417
Fold 5
	Confusion matrix: [[1011    0    0    0    0    0]
 [   0 1018    0    0    0    1]
 [   0    1  984    2    0    1]
 [   0    0    0 1010    0    0]
 [   0    0    0    0 1015    0]
 [   0    1    0    0    0  996]]
	Precision: 0.9989945089513461
	Recall: 0.9990098205142104
	Accuracy: 0.9990066225165563
Fold 6
	Confusion matrix: [[1024    1    0    1    0    0]
 [   1 1005    0    0    0    0]
 [   0    0  999    1    0    2]
 [   0    0    0 1008    0    1]
 [   0    0    0    0 1007    1]
 [   0    0    0    0    0  989]]
	Precision: 0.9986799151217177
	Recall: 0.9986703265095235
	Accuracy: 0.9986754966887417
Fold 7
	Confusion matrix: [[1008    0    0    0    0    0]
 [   0 1015    0    0    0    1]
 [   0    0 1014    0    0    0]
 [   0    0    0 1001    0    0]
 [   0    2    0    0 1010    0]
 [   0    0    1    0    0  988]]
	Precision: 0.9993380568501187
	Recall: 0.999339514606845
	Accuracy: 0.9993377483443708
Fold 8
	Confusion matrix: [[1010    1    0    0    0    0]
 [   2 1011    0    0    0    0]
 [   0    1 1013    0    0    1]
 [   0    0    1  997    0    0]
 [   0    0    0    0 1025    0]
 [   0    0    0    0    0  978]]
	Precision: 0.9990106832160599
	Recall: 0.9990069563331822
	Accuracy: 0.9990066225165563
Fold 9
	Confusion matrix: [[1021    1    0    0    0    0]
 [   0  997    1    0    0    0]
 [   0    0 1025    1    0    1]
 [   0    0    2  988    0    0]
 [   0    1    0    0 1018    0]
 [   0    0    0    0    0  984]]
	Precision: 0.9988450910754566
	Recall: 0.9988422265480091
	Accuracy: 0.998841059602649
Fold 10
	Confusion matrix: [[1006    1    0    0    0    0]
 [   0 1022    0    0    0    1]
 [   1    0 1012    1    0    0]
 [   0    0    2  993    0    0]
 [   0    0    0    0 1011    0]
 [   0    0    0    0    0  990]]
	Precision: 0.999007832899173
	Recall: 0.9990069882822284
	Accuracy: 0.9990066225165563
Average Scores 
	Confusion matrix: [[1.0117e+03 6.0000e-01 0.0000e+00 1.0000e-01 0.0000e+00 0.0000e+00]
 [5.0000e-01 1.0154e+03 2.0000e-01 4.0000e-01 0.0000e+00 6.0000e-01]
 [1.0000e-01 5.0000e-01 1.0029e+03 7.0000e-01 0.0000e+00 6.0000e-01]
 [0.0000e+00 2.0000e-01 8.0000e-01 9.9610e+02 0.0000e+00 1.0000e-01]
 [1.0000e-01 3.0000e-01 1.0000e-01 0.0000e+00 1.0140e+03 4.0000e-01]
 [0.0000e+00 1.0000e-01 4.0000e-01 0.0000e+00 2.0000e-01 9.9310e+02]]
	Precision: 0.9988422884164597
	Recall: 0.9988401868613614
	Accuracy: 0.9988411007124605
