Fold 1
	Confusion matrix: [[1002    6    4    2    2    3]
 [   4 1007    2    3    1    4]
 [   3    4  989    2    2    8]
 [   1    2    4  982    4    1]
 [   2    5    2    3  993    3]
 [   2    1    2    5    3  978]]
	Precision: 0.9851140457525412
	Recall: 0.9851006623020435
	Accuracy: 0.9851018043370303
Fold 2
	Confusion matrix: [[1017    4    1    3    2    2]
 [   4  991    5    3    1    6]
 [   2    4  978    6    3    3]
 [   3    2    5  970    0    2]
 [   5    5    4    0 1017    2]
 [   0    4    5    4    4  974]]
	Precision: 0.9844318009876923
	Recall: 0.9844063125209814
	Accuracy: 0.984439662307565
Fold 3
	Confusion matrix: [[ 995    4    2    1    1    2]
 [   3 1019    1    5    1    4]
 [   2    5  972    3    1    3]
 [   0    4    5  972    2    3]
 [   0    0    2    2 1009    4]
 [   3    3    6    4    3  994]]
	Precision: 0.9869128305367774
	Recall: 0.9869108721888346
	Accuracy: 0.9869205298013245
Fold 4
	Confusion matrix: [[ 979    3    2    0    2    2]
 [   4 1012    6    5    3    4]
 [   0    4  981    3    0    8]
 [   1    1    4  988    1    7]
 [   3    2    3    2 1000    5]
 [   5    1    5    2    1  991]]
	Precision: 0.9853121870467483
	Recall: 0.9852742873542204
	Accuracy: 0.9852649006622517
Fold 5
	Confusion matrix: [[ 995    7    3    2    1    2]
 [   7 1006    3    4    6    1]
 [   1    0  964   11    1    8]
 [   2    1    3  991    2    6]
 [   4    3    3    2 1005    8]
 [   2    3    8    2    0  973]]
	Precision: 0.9824593469596398
	Recall: 0.9824116810874534
	Accuracy: 0.9824503311258278
Fold 6
	Confusion matrix: [[1009    6    1    0    1    5]
 [   3  989    2    4    1    4]
 [   6    5  982    3    3    4]
 [   2    2    3  996    2    3]
 [   4    3    2    4  996    3]
 [   1    1    9    3    4  974]]
	Precision: 0.9844207215852455
	Recall: 0.9844259599301233
	Accuracy: 0.9844370860927152
Fold 7
	Confusion matrix: [[ 997    3    3    2    2    5]
 [   4 1000    6    2    2    2]
 [   3    5  988    5    3    6]
 [   2    2    8  988    2    2]
 [   1    4    5    2  999    5]
 [   1    3    5    2    2  969]]
	Precision: 0.9836234713747358
	Recall: 0.9836116560797504
	Accuracy: 0.9836092715231788
Fold 8
	Confusion matrix: [[ 998    4    1    2    1    0]
 [   6  996    5    1    2    1]
 [   2    4  999    4    1    6]
 [   0    5    1  986    4    3]
 [   3    3    4    2 1014    3]
 [   3    1    4    2    3  966]]
	Precision: 0.9866015844228643
	Recall: 0.9865912682960162
	Accuracy: 0.9865894039735099
Fold 9
	Confusion matrix: [[1008    8    3    2    4    1]
 [   5  971    4    0    2    5]
 [   5    5 1012    3    1    3]
 [   1    3    5  979    2    3]
 [   1    3    3    2 1009    7]
 [   1    9    1    3    0  966]]
	Precision: 0.9842883909074734
	Recall: 0.9842389544257416
	Accuracy: 0.984271523178808
Fold 10
	Confusion matrix: [[ 997    5    1    1    1    2]
 [   4 1010    6    2    0    5]
 [   2    1  993    5    3    6]
 [   3    3    6  981    2    4]
 [   1    1    1    3 1001    8]
 [   0    3    7    2    4  966]]
	Precision: 0.9847633937605272
	Recall: 0.9847425034665226
	Accuracy: 0.9847682119205298
Average Scores 
	Confusion matrix: [[ 999.7    5.     2.1    1.5    1.7    2.4]
 [   4.4 1000.1    4.     2.9    1.9    3.6]
 [   2.6    3.7  985.8    4.5    1.8    5.5]
 [   1.5    2.5    4.4  983.3    2.1    3.4]
 [   2.4    2.9    2.9    2.2 1004.3    4.8]
 [   1.8    2.9    5.2    2.9    2.4  975.1]]
	Precision: 0.9847927773334245
	Recall: 0.9847714157651687
	Accuracy: 0.9847852724922742
