Fold 1
	Confusion matrix: [[1000    3    5    1    2    1]
 [   0 1013    4    3    1    3]
 [   4    6  985    0    2    6]
 [   4    0    4  989    1    4]
 [   4    1    1    1  992    1]
 [   2    2    4    3    7  982]]
	Precision: 0.9867466485964096
	Recall: 0.9867558807151707
	Accuracy: 0.9867571594106936
Fold 2
	Confusion matrix: [[1024    4    2    1    2    3]
 [   3  990    6    6    0    1]
 [   2    6  978    4    4    8]
 [   1    2    6  968    0    4]
 [   1    1    2    2 1018    1]
 [   0    7    4    5    3  972]]
	Precision: 0.9848844524800889
	Recall: 0.9848600614043658
	Accuracy: 0.984936268829664
Fold 3
	Confusion matrix: [[ 996    4    1    3    1    3]
 [   2 1020    1    7    1    5]
 [   2    2  977    4    5    5]
 [   0    4    4  969    2    5]
 [   0    0    2    3 1005    6]
 [   3    5    3    1    3  986]]
	Precision: 0.9855841802187223
	Recall: 0.9855992853320648
	Accuracy: 0.9855960264900663
Fold 4
	Confusion matrix: [[ 983    5    2    1    3    0]
 [   5 1006    7    4    1    7]
 [   3    6  984    4    0    6]
 [   1    5    3  984    5    3]
 [   0    0    1    4  997    5]
 [   0    1    4    3    1  996]]
	Precision: 0.9851367887983135
	Recall: 0.9851245262358361
	Accuracy: 0.9850993377483444
Fold 5
	Confusion matrix: [[1000    4    2    2    1    1]
 [   2 1003    5    1    2    4]
 [   4    3  966    9    1    6]
 [   1    2    2  992    2    3]
 [   2    4    4    3 1004    5]
 [   2    4    5    5    5  979]]
	Precision: 0.9840807755329589
	Recall: 0.9840869955770755
	Accuracy: 0.9841059602649007
Fold 6
	Confusion matrix: [[1013    5    2    0    2    2]
 [   2  990    4    2    2    4]
 [   6    4  979    5    2    2]
 [   2    3    5  995    4    3]
 [   2    3    2    4  993    3]
 [   0    1    7    4    4  979]]
	Precision: 0.9849156685043937
	Recall: 0.984919205521075
	Accuracy: 0.9849337748344371
Fold 7
	Confusion matrix: [[ 998    1    0    3    1    3]
 [   4  996    7    2    1    5]
 [   1    9  993    3    4    6]
 [   0    5    9  988    1    6]
 [   3    2    2    3 1000    4]
 [   2    4    4    2    3  965]]
	Precision: 0.9834608653714189
	Recall: 0.983433430215856
	Accuracy: 0.9834437086092715
Fold 8
	Confusion matrix: [[ 994    4    3    3    3    0]
 [   5  991    7    4    3    4]
 [   3    7  996    5    1    4]
 [   4    6    2  982    3    2]
 [   5    3    3    1 1012    4]
 [   1    2    3    2    3  965]]
	Precision: 0.9834785285239384
	Recall: 0.9834526534147222
	Accuracy: 0.9834437086092715
Fold 9
	Confusion matrix: [[1010    5    3    1    2    4]
 [   3  976    5    0    1    5]
 [   3    5 1008    8    2    6]
 [   1    5    3  977    0    1]
 [   1    2    3    1 1013    7]
 [   3    6    6    2    0  962]]
	Precision: 0.9844733863012659
	Recall: 0.9843921099203411
	Accuracy: 0.9844370860927152
Fold 10
	Confusion matrix: [[ 993    4    0    2    1    3]
 [   5 1005    8    2    0    6]
 [   4    7  996    2    0    6]
 [   3    3    4  981    2    3]
 [   1    1    3    6 1006    7]
 [   1    3    3    1    2  966]]
	Precision: 0.9846597657643371
	Recall: 0.9845832364879863
	Accuracy: 0.9846026490066225
Average Scores 
	Confusion matrix: [[1001.1    3.9    2.     1.7    1.8    2. ]
 [   3.1  999.     5.4    3.1    1.2    4.4]
 [   3.2    5.5  986.2    4.4    2.1    5.5]
 [   1.7    3.5    4.2  982.5    2.     3.4]
 [   1.9    1.7    2.3    2.8 1004.     4.3]
 [   1.4    3.5    4.3    2.8    3.1  975.2]]
	Precision: 0.9847421060091847
	Recall: 0.9847207384824493
	Accuracy: 0.9847355679895987
