Fold 1
	Confusion matrix: [[987  14   5   8   9   5]
 [  5 980   7   6   6  13]
 [  4  11 948  14   3  15]
 [  7   7  15 949   2   9]
 [  3   6  13   6 976  11]
 [  8   7  15  14   9 944]]
	Precision: 0.9574118364612851
	Recall: 0.9574125358988361
	Accuracy: 0.9574573746068532
Fold 2
	Confusion matrix: [[ 998    9    2    6    7    3]
 [   8  964    9    8    3   11]
 [  10   10  950   11    5   16]
 [   3   11   13  942    3    4]
 [   6    9   11    8 1004    6]
 [   6    7   13   11    5  949]]
	Precision: 0.9612245507225566
	Recall: 0.961147754537949
	Accuracy: 0.9612646912762788
Fold 3
	Confusion matrix: [[967   8   8   9   5   7]
 [ 12 988   6  10   5  10]
 [  6  16 944  15   7  20]
 [  2  12   7 948   4   7]
 [  7   5  12   2 986  14]
 [  9   6  11   3  10 952]]
	Precision: 0.9578257771121027
	Recall: 0.9577902343942708
	Accuracy: 0.9577814569536424
Fold 4
	Confusion matrix: [[953   7   7   6   6   1]
 [ 10 975  12  10   3   7]
 [  7   9 953  15   8  22]
 [  7  13  12 958   6   6]
 [ 11   4   7   4 974   8]
 [  4  15  10   7  10 973]]
	Precision: 0.9580347704689532
	Recall: 0.9579629176005623
	Accuracy: 0.9579470198675497
Fold 5
	Confusion matrix: [[978  15  13   5  10   8]
 [  9 971  14  12   3   7]
 [  5  13 921   8   5  17]
 [  4  11  10 980   5   9]
 [  7   2   6   3 984   9]
 [  8   8  20   4   8 948]]
	Precision: 0.9572397594102191
	Recall: 0.9571721364722099
	Accuracy: 0.9572847682119205
Fold 6
	Confusion matrix: [[986  16   7   8  10   7]
 [ 11 969  12   7   5   3]
 [ 10   9 945  17  11  21]
 [  5   6  19 969   5   8]
 [ 10   4   6   4 972   6]
 [  3   2  10   5   4 948]]
	Precision: 0.9585989244361643
	Recall: 0.9584083097290463
	Accuracy: 0.9584437086092715
Fold 7
	Confusion matrix: [[965   9   6   8   5   2]
 [ 17 977   8   5   2   7]
 [  5   7 968  16   5  11]
 [  5  11  13 964   5  11]
 [ 11   3   9   3 984  11]
 [  5  10  11   5   9 947]]
	Precision: 0.9611034526123409
	Recall: 0.9610886224354731
	Accuracy: 0.9610927152317881
Fold 8
	Confusion matrix: [[976  10   4   8   5  10]
 [ 12 973  10   7   5   9]
 [  7  11 968  16  12  14]
 [  6   9  13 949  14   7]
 [  6   6   8   8 983  12]
 [  5   4  11   9   6 927]]
	Precision: 0.9563674694679959
	Recall: 0.9562233076243167
	Accuracy: 0.9562913907284768
Fold 9
	Confusion matrix: [[986  10   8   1   9   5]
 [ 12 954  16   8   4   8]
 [  4  11 972  12   4  14]
 [  8  10  12 957   8  13]
 [  6   6  12   8 986  10]
 [  5   8   8   3   7 935]]
	Precision: 0.9586534938945128
	Recall: 0.9586081013650936
	Accuracy: 0.9586092715231788
Fold 10
	Confusion matrix: [[977  11   8   7   6   7]
 [ 11 975  13   8   5  13]
 [  4  19 970  18  10  13]
 [  6   7  12 945   4   5]
 [  4   3   5   5 978   7]
 [  5   8   6  11   8 946]]
	Precision: 0.9589398060917963
	Recall: 0.9587583019779041
	Accuracy: 0.9587748344370861
Average Scores 
	Confusion matrix: [[977.3  10.9   6.8   6.6   7.2   5.5]
 [ 10.7 972.6  10.7   8.1   4.1   8.8]
 [  6.2  11.6 953.9  14.2   7.   16.3]
 [  5.3   9.7  12.6 956.1   5.6   7.9]
 [  7.1   4.8   8.9   5.1 982.7   9.4]
 [  5.8   7.5  11.5   7.2   7.6 946.9]]
	Precision: 0.9585399840677928
	Recall: 0.9584572222035662
	Accuracy: 0.9584947231446046
