Fold 1
	Confusion matrix: [[1003    4    5    1    2    4]
 [   2 1011    6    2    1    3]
 [   1    5  981    3    3    4]
 [   2    1    4  988    2    5]
 [   4    1    1    0  994    2]
 [   2    3    6    3    3  979]]
	Precision: 0.9859278816270595
	Recall: 0.9859221037351803
	Accuracy: 0.985929481873862
Fold 2
	Confusion matrix: [[1022    4    3    2    2    2]
 [   4  989    2    2    3    3]
 [   3    5  979    4    3    6]
 [   0    3    5  973    1    4]
 [   2    3    2    2 1015    1]
 [   0    6    7    3    3  973]]
	Precision: 0.9850645967262522
	Recall: 0.9850655659953347
	Accuracy: 0.9851018043370303
Fold 3
	Confusion matrix: [[ 992    3    3    3    1    2]
 [   3 1019    2    4    2    4]
 [   1    3  968    0    2    6]
 [   1    6    6  972    2    3]
 [   2    0    1    4 1008    5]
 [   4    4    8    4    2  990]]
	Precision: 0.9849350810801473
	Recall: 0.9849136571681809
	Accuracy: 0.9849337748344371
Fold 4
	Confusion matrix: [[ 981    1    2    1    2    1]
 [   4 1009    7    4    0    9]
 [   3    3  980    4    0    9]
 [   2    4    5  984    4    2]
 [   1    1    3    3 1000    6]
 [   1    5    4    4    1  990]]
	Precision: 0.9841579272402438
	Recall: 0.9841245027783012
	Accuracy: 0.9841059602649007
Fold 5
	Confusion matrix: [[1004    5    3    3    2    1]
 [   4 1006    5    0    2    2]
 [   1    3  967   10    1    5]
 [   0    1    1  993    2    5]
 [   1    3    3    1 1002    4]
 [   1    2    5    5    6  981]]
	Precision: 0.985568359789204
	Recall: 0.9855762659647231
	Accuracy: 0.9855960264900663
Fold 6
	Confusion matrix: [[1009    7    3    0    1    2]
 [   4  986    6    4    1    4]
 [   5    5  978    6    1    5]
 [   1    5    4  994    2    3]
 [   4    2    4    3  999    3]
 [   2    1    4    3    3  976]]
	Precision: 0.9837666715585657
	Recall: 0.9837637824783428
	Accuracy: 0.9837748344370861
Fold 7
	Confusion matrix: [[ 997    2    0    2    1    5]
 [   6  993    9    2    1    2]
 [   2    6  990    3    3    5]
 [   0    6    6  987    2    4]
 [   2    4    4    4 1001    4]
 [   1    6    6    3    2  969]]
	Precision: 0.9829472908069364
	Recall: 0.9829564312775306
	Accuracy: 0.9829470198675496
Fold 8
	Confusion matrix: [[ 995    5    2    4    0    1]
 [   5  995    6    1    3    2]
 [   3    8  994    2    1    6]
 [   4    2    3  989    3    4]
 [   3    2    5    0 1015    2]
 [   2    1    4    1    3  964]]
	Precision: 0.9854456939886185
	Recall: 0.9854344642526733
	Accuracy: 0.9854304635761589
Fold 9
	Confusion matrix: [[1011    4    3    1    2    3]
 [   3  980    6    0    1    5]
 [   4    3 1010    5    1    5]
 [   0    4    3  977    1    3]
 [   2    3    2    3 1012    8]
 [   1    5    4    3    1  961]]
	Precision: 0.985291879539323
	Recall: 0.985214012341641
	Accuracy: 0.9852649006622517
Fold 10
	Confusion matrix: [[ 993    7    4    1    2    1]
 [   5 1005    4    1    0    9]
 [   2    4  993    3    2    5]
 [   4    2    5  983    1    4]
 [   2    2    2    4 1003    3]
 [   1    3    6    2    3  969]]
	Precision: 0.9844419802722361
	Recall: 0.9844354662728808
	Accuracy: 0.9844370860927152
Average Scores 
	Confusion matrix: [[1000.7    4.2    2.8    1.8    1.5    2.2]
 [   4.   999.3    5.3    2.     1.4    4.3]
 [   2.5    4.5  984.     4.     1.7    5.6]
 [   1.4    3.4    4.2  984.     2.     3.7]
 [   2.3    2.1    2.7    2.4 1004.9    3.8]
 [   1.5    3.6    5.4    3.1    2.7  975.2]]
	Precision: 0.9847547362628586
	Recall: 0.984740625226479
	Accuracy: 0.9847521352436057
