Fold 1
	Confusion matrix: [[1002    1    3    1    1    5]
 [   2 1013    5    2    2    3]
 [   1    6  985    0    4    5]
 [   3    1    2  991    2    4]
 [   2    2    1    1  992    6]
 [   4    2    7    2    4  974]]
	Precision: 0.986079162452551
	Recall: 0.9860816027860513
	Accuracy: 0.9860950173812283
Fold 2
	Confusion matrix: [[1023    6    3    2    3    1]
 [   3  985    4    5    1    5]
 [   1    7  978    4    2    5]
 [   0    3    6  969    1    3]
 [   2    2    2    2 1018    3]
 [   2    7    5    4    2  972]]
	Precision: 0.9840760383513114
	Recall: 0.9840423566758165
	Accuracy: 0.9841085912928323
Fold 3
	Confusion matrix: [[ 991    7    1    5    0    4]
 [   4 1015    2    4    1    6]
 [   2    5  976    1    2    3]
 [   3    4    4  970    2    6]
 [   0    0    2    3 1010    5]
 [   3    4    3    4    2  986]]
	Precision: 0.98475569198521
	Recall: 0.9847828659291937
	Accuracy: 0.9847682119205298
Fold 4
	Confusion matrix: [[ 984    5    2    2    4    0]
 [   5 1009    9    2    1    5]
 [   1    3  981    3    3    5]
 [   1    4    6  985    3    2]
 [   0    0    2    4  995    7]
 [   1    2    1    4    1  998]]
	Precision: 0.9854573093440382
	Recall: 0.9854452068788787
	Accuracy: 0.9854304635761589
Fold 5
	Confusion matrix: [[1003    6    1    4    2    0]
 [   3  999    4    2    3    3]
 [   2    3  968   11    2    8]
 [   0    1    4  990    2    6]
 [   2    8    3    1 1002    2]
 [   1    3    4    4    4  979]]
	Precision: 0.9835827120588746
	Recall: 0.9836089260459863
	Accuracy: 0.9836092715231788
Fold 6
	Confusion matrix: [[1010    5    5    0    2    5]
 [   1  988    3    4    0    7]
 [   6    6  980    4    1    6]
 [   1    5    3  995    2    3]
 [   4    2    3    4  999    2]
 [   3    0    5    3    3  970]]
	Precision: 0.9837774877112019
	Recall: 0.9837493635226879
	Accuracy: 0.9837748344370861
Fold 7
	Confusion matrix: [[ 996    3    1    3    1    7]
 [   4  996    8    3    0    2]
 [   2    5  989    4    3    6]
 [   1    3    7  988    3    7]
 [   3    4    4    1 1001    4]
 [   2    6    6    2    2  963]]
	Precision: 0.982277651113443
	Recall: 0.982273903654966
	Accuracy: 0.9822847682119206
Fold 8
	Confusion matrix: [[ 996    5    1    4    1    0]
 [   5  994    9    0    1    4]
 [   2    7  995    2    2    4]
 [   3    3    1  987    0    4]
 [   3    2    4    2 1019    2]
 [   3    2    4    2    2  965]]
	Precision: 0.9861017498551551
	Recall: 0.9860853042835167
	Accuracy: 0.9860927152317881
Fold 9
	Confusion matrix: [[1010    7    2    1    2    3]
 [   2  980    5    1    0    6]
 [   5    5 1008    5    2    6]
 [   0    2    5  977    1    2]
 [   1    0    4    3 1012    6]
 [   3    5    4    2    1  962]]
	Precision: 0.9849738083291045
	Recall: 0.9848957242091552
	Accuracy: 0.9849337748344371
Fold 10
	Confusion matrix: [[ 990    4    2    1    2    2]
 [   7 1008    3    1    0   10]
 [   5    6  996    6    1    5]
 [   3    1    5  983    1    3]
 [   1    0    3    3 1004    4]
 [   1    4    5    0    3  967]]
	Precision: 0.984812787363292
	Recall: 0.9847492898454462
	Accuracy: 0.9847682119205298
Average Scores 
	Confusion matrix: [[1.0005e+03 4.9000e+00 2.1000e+00 2.3000e+00 1.8000e+00 2.7000e+00]
 [3.6000e+00 9.9870e+02 5.2000e+00 2.4000e+00 9.0000e-01 5.1000e+00]
 [2.7000e+00 5.3000e+00 9.8560e+02 4.0000e+00 2.2000e+00 5.3000e+00]
 [1.5000e+00 2.7000e+00 4.3000e+00 9.8350e+02 1.7000e+00 4.0000e+00]
 [1.8000e+00 2.0000e+00 2.8000e+00 2.4000e+00 1.0052e+03 4.1000e+00]
 [2.3000e+00 3.5000e+00 4.4000e+00 2.7000e+00 2.4000e+00 9.7360e+02]]
	Precision: 0.9845894398564182
	Recall: 0.9845714543831698
	Accuracy: 0.984586586032969
