Fold 1
	Confusion matrix: [[839  93  64  43  48  33]
 [ 50 768  88  28  26  18]
 [ 24  85 647  44  27  37]
 [ 17  28  77 825  17  27]
 [ 62  24  43  34 862  39]
 [ 22  27  84  23  25 843]]
	Precision: 0.7915184673993666
	Recall: 0.7920799619656301
	Accuracy: 0.791921867240523
Fold 2
	Confusion matrix: [[864 104  51  36  55  36]
 [ 45 749  84  30  19  19]
 [ 30  74 641  43  23  32]
 [ 16  36  85 824  21  29]
 [ 54  18  56  31 883  47]
 [ 22  29  81  22  26 826]]
	Precision: 0.7921674769957877
	Recall: 0.7920937841151762
	Accuracy: 0.7924184737626221
Fold 3
	Confusion matrix: [[847 112  48  34  58  40]
 [ 41 752  86  27  21  17]
 [ 23  84 642  46  24  35]
 [ 23  34  78 829  24  37]
 [ 51  27  54  25 873  44]
 [ 18  26  80  26  17 837]]
	Precision: 0.7912160609289662
	Recall: 0.7913121860989757
	Accuracy: 0.7913907284768212
Fold 4
	Confusion matrix: [[829 112  50  38  56  39]
 [ 46 746  83  31  16  18]
 [ 24  68 642  44  19  27]
 [ 20  36  84 836  19  29]
 [ 55  27  55  25 875  38]
 [ 18  34  87  26  22 866]]
	Precision: 0.793843268828696
	Recall: 0.7937855923564751
	Accuracy: 0.7937086092715232
Fold 5
	Confusion matrix: [[856 111  46  42  58  32]
 [ 37 727  75  28  19  13]
 [ 26  70 651  40  22  28]
 [ 22  45  77 848  27  32]
 [ 55  27  53  28 868  40]
 [ 15  40  82  26  21 853]]
	Precision: 0.7956542607449281
	Recall: 0.7948072349359349
	Accuracy: 0.7951986754966888
Fold 6
	Confusion matrix: [[861 105  48  35  64  29]
 [ 40 729  89  29  14  23]
 [ 26  65 645  52  24  30]
 [ 28  51  68 833  26  27]
 [ 53  26  57  33 859  42]
 [ 17  30  92  28  20 842]]
	Precision: 0.7893996349631415
	Recall: 0.7893357592702225
	Accuracy: 0.7895695364238411
Fold 7
	Confusion matrix: [[830  95  46  38  61  31]
 [ 47 746  84  15  15  18]
 [ 27  74 659  41  27  31]
 [ 20  44  77 845  21  28]
 [ 62  27  50  30 863  43]
 [ 22  31  99  32  23 838]]
	Precision: 0.7914412394848486
	Recall: 0.7920225979679528
	Accuracy: 0.7915562913907285
Fold 8
	Confusion matrix: [[851  84  45  32  63  26]
 [ 41 764  90  21  14  17]
 [ 24  81 658  42  24  39]
 [ 25  37  75 853  27  28]
 [ 56  15  53  19 871  41]
 [ 15  32  93  30  26 828]]
	Precision: 0.7980350843586524
	Recall: 0.7991839192620184
	Accuracy: 0.7988410596026491
Fold 9
	Confusion matrix: [[840  96  41  40  50  27]
 [ 45 749  83  24  22  21]
 [ 30  72 679  47  21  35]
 [ 23  35  72 826  30  27]
 [ 59  19  60  23 872  43]
 [ 24  28  93  29  23 832]]
	Precision: 0.7939528274806822
	Recall: 0.7949028413169135
	Accuracy: 0.7943708609271524
Fold 10
	Confusion matrix: [[840  92  54  41  45  32]
 [ 49 777  80  26  20  16]
 [ 25  76 667  46  18  35]
 [ 16  35  73 830  24  34]
 [ 58  20  52  28 882  36]
 [ 19  23  88  23  22 838]]
	Precision: 0.7999969196119578
	Recall: 0.8007511180560761
	Accuracy: 0.8003311258278145
Average Scores 
	Confusion matrix: [[845.7 100.4  49.3  37.9  55.8  32.5]
 [ 44.1 750.7  84.2  25.9  18.6  18. ]
 [ 25.9  74.9 653.1  44.5  22.9  32.9]
 [ 21.   38.1  76.6 834.9  23.6  29.8]
 [ 56.5  23.   53.3  27.6 870.8  41.3]
 [ 19.2  30.   87.9  26.5  22.5 840.3]]
	Precision: 0.7937225240797027
	Recall: 0.7940274995345376
	Accuracy: 0.7939307228420364
