Fold 1
	Confusion matrix: [[840  92  67  45  48  32]
 [ 51 776  95  26  24  21]
 [ 23  73 635  44  32  32]
 [ 18  31  81 822  13  33]
 [ 60  22  43  35 865  50]
 [ 22  31  82  25  23 829]]
	Precision: 0.7888538446089433
	Recall: 0.7892067761043271
	Accuracy: 0.7891077636152954
Fold 2
	Confusion matrix: [[865 101  57  36  58  31]
 [ 45 745  86  29  21  19]
 [ 24  73 634  48  29  33]
 [ 18  35  84 828  17  35]
 [ 60  24  55  23 877  53]
 [ 19  32  82  22  25 818]]
	Precision: 0.7887701132850244
	Recall: 0.7887806283431154
	Accuracy: 0.7891077636152954
Fold 3
	Confusion matrix: [[843 102  48  32  58  36]
 [ 43 753  82  26  22  20]
 [ 20  83 641  44  27  36]
 [ 22  34  81 834  22  39]
 [ 58  31  51  23 873  56]
 [ 17  32  85  28  15 823]]
	Precision: 0.7888593116352126
	Recall: 0.7891739314197492
	Accuracy: 0.7892384105960265
Fold 4
	Confusion matrix: [[821 104  52  45  52  36]
 [ 47 741  82  28  15  22]
 [ 27  68 637  39  29  33]
 [ 17  37  87 835  15  32]
 [ 56  32  56  27 877  48]
 [ 24  41  87  26  19 846]]
	Precision: 0.7873983201398301
	Recall: 0.7876811435697227
	Accuracy: 0.7875827814569536
Fold 5
	Confusion matrix: [[848 113  48  46  63  31]
 [ 39 727  79  27  16  15]
 [ 26  70 635  38  26  26]
 [ 20  43  81 849  23  38]
 [ 58  32  55  22 867  46]
 [ 20  35  86  30  20 842]]
	Precision: 0.7899927480860581
	Recall: 0.7889418610125946
	Accuracy: 0.7894039735099337
Fold 6
	Confusion matrix: [[863 103  47  36  70  23]
 [ 43 730  93  31  12  19]
 [ 19  65 627  49  28  34]
 [ 23  53  84 836  23  33]
 [ 58  30  54  28 854  55]
 [ 19  25  94  30  20 829]]
	Precision: 0.7843993985718871
	Recall: 0.7843092008571914
	Accuracy: 0.7846026490066225
Fold 7
	Confusion matrix: [[831  98  45  43  65  27]
 [ 49 740  92  18  15  24]
 [ 19  70 652  40  32  35]
 [ 23  41  79 845  18  31]
 [ 67  29  56  26 856  47]
 [ 19  39  91  29  24 825]]
	Precision: 0.78618745880196
	Recall: 0.7867093518326894
	Accuracy: 0.7862582781456954
Fold 8
	Confusion matrix: [[841  83  44  37  71  24]
 [ 41 761  91  24  13  19]
 [ 22  79 654  41  31  38]
 [ 25  35  84 846  24  35]
 [ 64  26  57  21 861  50]
 [ 19  29  84  28  25 813]]
	Precision: 0.7902640416422949
	Recall: 0.7910361502221247
	Accuracy: 0.7907284768211921
Fold 9
	Confusion matrix: [[834  91  39  39  59  28]
 [ 45 758  89  24  20  20]
 [ 30  67 673  49  28  41]
 [ 21  35  76 822  25  29]
 [ 62  23  58  24 870  47]
 [ 29  25  93  31  16 820]]
	Precision: 0.7904408740238544
	Recall: 0.7914201704026519
	Accuracy: 0.7908940397350993
Fold 10
	Confusion matrix: [[841  91  52  38  54  27]
 [ 49 769  82  23  21  18]
 [ 19  71 667  43  24  37]
 [ 19  40  76 837  22  36]
 [ 59  22  47  28 872  41]
 [ 20  30  90  25  18 832]]
	Precision: 0.7974273866559963
	Recall: 0.798129364402672
	Accuracy: 0.797682119205298
Average Scores 
	Confusion matrix: [[842.7  97.8  49.9  39.7  59.8  29.5]
 [ 45.2 750.   87.1  25.6  17.9  19.7]
 [ 22.9  71.9 645.5  43.5  28.6  34.5]
 [ 20.6  38.4  81.3 835.4  20.2  34.1]
 [ 60.2  27.1  53.2  25.7 867.2  49.3]
 [ 20.8  31.9  87.4  27.4  20.5 827.7]]
	Precision: 0.7892593497451061
	Recall: 0.7895388578166838
	Accuracy: 0.7894606255707413
