Fold 1
	Confusion matrix: [[837  92  65  44  46  31]
 [ 50 770  89  29  25  17]
 [ 25  82 644  43  30  37]
 [ 17  28  75 825  16  26]
 [ 63  27  44  33 864  42]
 [ 22  26  86  23  24 844]]
	Precision: 0.791475719798179
	Recall: 0.7920767727628811
	Accuracy: 0.791921867240523
Fold 2
	Confusion matrix: [[866 104  52  36  55  36]
 [ 43 749  84  30  21  18]
 [ 31  75 639  43  24  32]
 [ 16  35  85 828  20  29]
 [ 53  18  56  28 881  47]
 [ 22  29  82  21  26 827]]
	Precision: 0.7925844857586585
	Recall: 0.7926031764488735
	Accuracy: 0.792915080284721
Fold 3
	Confusion matrix: [[847 110  47  31  57  37]
 [ 42 752  87  27  21  17]
 [ 22  84 641  45  27  35]
 [ 23  35  78 832  27  37]
 [ 51  28  54  25 867  46]
 [ 18  26  81  27  18 838]]
	Precision: 0.7904679142467933
	Recall: 0.7908318130863049
	Accuracy: 0.7908940397350993
Fold 4
	Confusion matrix: [[829 112  50  38  56  39]
 [ 45 748  83  30  17  18]
 [ 24  68 641  45  18  27]
 [ 20  35  84 836  19  29]
 [ 56  27  57  24 875  37]
 [ 18  33  86  27  22 867]]
	Precision: 0.7941774191994795
	Recall: 0.7941088119203453
	Accuracy: 0.7940397350993378
Fold 5
	Confusion matrix: [[854 113  45  42  58  34]
 [ 40 727  77  27  18  13]
 [ 24  71 650  40  23  28]
 [ 22  45  77 846  28  32]
 [ 54  27  52  28 867  41]
 [ 17  37  83  29  21 850]]
	Precision: 0.7941873544161148
	Recall: 0.7933135653003566
	Accuracy: 0.7937086092715232
Fold 6
	Confusion matrix: [[867 105  48  35  62  29]
 [ 39 730  89  29  14  23]
 [ 24  64 645  51  24  31]
 [ 26  52  68 834  25  27]
 [ 53  26  57  33 862  42]
 [ 16  29  92  28  20 841]]
	Precision: 0.7910904773261879
	Recall: 0.7909707409309741
	Accuracy: 0.7912251655629139
Fold 7
	Confusion matrix: [[831  96  46  38  61  29]
 [ 50 746  85  16  16  19]
 [ 26  75 660  40  27  31]
 [ 20  44  75 845  22  29]
 [ 59  24  50  30 864  43]
 [ 22  32  99  32  20 838]]
	Precision: 0.7918143647926481
	Recall: 0.7925171619974264
	Accuracy: 0.7920529801324503
Fold 8
	Confusion matrix: [[852  86  44  33  63  26]
 [ 41 762  91  22  12  17]
 [ 24  80 657  42  25  39]
 [ 24  39  77 851  26  28]
 [ 57  16  52  20 871  40]
 [ 14  30  93  29  28 829]]
	Precision: 0.7975666930479486
	Recall: 0.7986910938856361
	Accuracy: 0.7983443708609271
Fold 9
	Confusion matrix: [[838  95  41  40  50  27]
 [ 45 750  84  24  21  21]
 [ 30  72 680  47  22  34]
 [ 23  35  70 826  32  28]
 [ 60  19  60  23 870  43]
 [ 25  28  93  29  23 832]]
	Precision: 0.7936300017176143
	Recall: 0.794577885191199
	Accuracy: 0.7940397350993378
Fold 10
	Confusion matrix: [[840  91  54  41  46  32]
 [ 49 777  81  26  21  16]
 [ 23  76 669  44  18  35]
 [ 17  35  69 831  24  35]
 [ 59  21  52  28 880  36]
 [ 19  23  89  24  22 837]]
	Precision: 0.8000928346338777
	Recall: 0.8007496350064914
	Accuracy: 0.8003311258278145
Average Scores 
	Confusion matrix: [[846.1 100.4  49.2  37.8  55.4  32. ]
 [ 44.4 751.1  85.   26.   18.6  17.9]
 [ 25.3  74.7 652.6  44.   23.8  32.9]
 [ 20.8  38.3  75.8 835.4  23.9  30. ]
 [ 56.5  23.3  53.4  27.2 870.1  41.7]
 [ 19.3  29.3  88.4  26.9  22.4 840.3]]
	Precision: 0.7937087264937501
	Recall: 0.7940440656530489
	Accuracy: 0.7939472709114648
