Fold 1
	Confusion matrix: [[838  92  65  45  46  31]
 [ 49 768  89  29  26  17]
 [ 26  82 646  43  29  37]
 [ 17  30  75 823  16  26]
 [ 63  27  44  34 864  42]
 [ 21  26  84  23  24 844]]
	Precision: 0.7913653911584092
	Recall: 0.7919139350418295
	Accuracy: 0.7917563317331567
Fold 2
	Confusion matrix: [[868 104  52  37  55  36]
 [ 41 749  86  30  20  18]
 [ 30  75 641  44  24  32]
 [ 16  34  85 827  21  29]
 [ 54  20  51  28 881  45]
 [ 22  28  83  20  26 829]]
	Precision: 0.7934497846346386
	Recall: 0.7934284961379041
	Accuracy: 0.7937427578215527
Fold 3
	Confusion matrix: [[848 112  48  32  59  38]
 [ 41 750  87  26  21  17]
 [ 23  85 642  47  24  35]
 [ 23  34  78 831  25  38]
 [ 50  27  54  26 871  44]
 [ 18  27  79  25  17 838]]
	Precision: 0.7911237021579528
	Recall: 0.7913312719234503
	Accuracy: 0.7913907284768212
Fold 4
	Confusion matrix: [[828 111  51  38  54  39]
 [ 45 747  82  30  16  18]
 [ 25  67 642  45  18  27]
 [ 20  36  84 836  19  31]
 [ 56  27  57  24 878  37]
 [ 18  35  85  27  22 865]]
	Precision: 0.7941503786000718
	Recall: 0.7941131447563831
	Accuracy: 0.7940397350993378
Fold 5
	Confusion matrix: [[856 112  47  43  57  34]
 [ 38 727  73  27  18  12]
 [ 25  72 652  40  24  27]
 [ 22  44  78 848  27  33]
 [ 53  28  51  28 869  40]
 [ 17  37  83  26  20 852]]
	Precision: 0.7959429907254122
	Recall: 0.7949738145741788
	Accuracy: 0.795364238410596
Fold 6
	Confusion matrix: [[863 106  48  35  63  28]
 [ 40 731  89  29  14  23]
 [ 25  65 647  52  24  29]
 [ 26  49  68 832  26  28]
 [ 54  27  57  34 860  40]
 [ 17  28  90  28  20 845]]
	Precision: 0.7909385421477967
	Recall: 0.7908299910653076
	Accuracy: 0.7910596026490067
Fold 7
	Confusion matrix: [[829  95  47  38  63  30]
 [ 48 743  85  17  15  19]
 [ 26  78 660  40  27  32]
 [ 21  45  74 846  22  27]
 [ 63  24  50  28 861  44]
 [ 21  32  99  32  22 837]]
	Precision: 0.7905183175722961
	Recall: 0.7911977623527586
	Accuracy: 0.7907284768211921
Fold 8
	Confusion matrix: [[849  84  45  32  64  26]
 [ 42 764  91  21  14  17]
 [ 24  79 658  41  25  38]
 [ 25  38  75 852  26  28]
 [ 58  17  52  21 870  41]
 [ 14  31  93  30  26 829]]
	Precision: 0.7975921932624118
	Recall: 0.7986950104439341
	Accuracy: 0.7983443708609271
Fold 9
	Confusion matrix: [[841  94  41  40  49  27]
 [ 44 747  83  24  20  21]
 [ 30  74 678  48  23  34]
 [ 23  35  72 823  30  28]
 [ 59  20  62  26 873  42]
 [ 24  29  92  28  23 833]]
	Precision: 0.7934094112990467
	Recall: 0.7943976491405248
	Accuracy: 0.7938741721854304
Fold 10
	Confusion matrix: [[839  92  50  41  46  32]
 [ 48 775  81  26  20  16]
 [ 24  77 669  46  16  35]
 [ 16  35  74 829  25  35]
 [ 60  21  53  29 882  36]
 [ 20  23  87  23  22 837]]
	Precision: 0.7995285893003726
	Recall: 0.8002526490164702
	Accuracy: 0.7998344370860927
Average Scores 
	Confusion matrix: [[845.9 100.2  49.4  38.1  55.6  32.1]
 [ 43.6 750.1  84.6  25.9  18.4  17.8]
 [ 25.8  75.4 653.5  44.6  23.4  32.6]
 [ 20.9  38.   76.3 834.7  23.7  30.3]
 [ 57.   23.8  53.1  27.8 870.9  41.1]
 [ 19.2  29.6  87.5  26.2  22.2 840.9]]
	Precision: 0.7938019300858409
	Recall: 0.7941133724452741
	Accuracy: 0.7940134851144113
