Fold 1
	Confusion matrix: [[840  93  67  45  48  32]
 [ 49 767  89  28  26  18]
 [ 24  84 644  44  27  37]
 [ 17  29  75 821  17  27]
 [ 62  25  45  35 862  40]
 [ 22  27  83  24  25 843]]
	Precision: 0.7904701073644294
	Recall: 0.7909145487173337
	Accuracy: 0.7907631186889588
Fold 2
	Confusion matrix: [[864 105  52  36  54  35]
 [ 45 747  84  30  21  19]
 [ 30  77 639  42  25  32]
 [ 16  35  86 826  21  28]
 [ 54  17  55  31 880  45]
 [ 22  29  82  21  26 830]]
	Precision: 0.7918461184530866
	Recall: 0.791955042683492
	Accuracy: 0.7922529382552558
Fold 3
	Confusion matrix: [[847 110  48  32  59  37]
 [ 41 753  87  27  21  18]
 [ 23  84 643  46  24  35]
 [ 24  34  77 830  24  38]
 [ 52  28  54  25 872  44]
 [ 16  26  79  27  17 838]]
	Precision: 0.7915996045578049
	Recall: 0.7918119053307392
	Accuracy: 0.791887417218543
Fold 4
	Confusion matrix: [[828 110  54  37  56  39]
 [ 46 749  82  29  16  18]
 [ 25  67 642  45  21  28]
 [ 21  35  85 836  19  30]
 [ 54  28  51  26 872  38]
 [ 18  34  87  27  23 864]]
	Precision: 0.7933114818589471
	Recall: 0.7932820544376611
	Accuracy: 0.7932119205298013
Fold 5
	Confusion matrix: [[852 111  47  41  58  33]
 [ 40 728  74  27  19  13]
 [ 25  71 652  41  22  29]
 [ 22  44  76 851  25  32]
 [ 56  27  53  27 870  39]
 [ 16  39  82  25  21 852]]
	Precision: 0.7959121503796766
	Recall: 0.7951360749033926
	Accuracy: 0.7955298013245033
Fold 6
	Confusion matrix: [[862 105  48  35  61  28]
 [ 41 729  88  28  13  22]
 [ 26  67 645  53  25  31]
 [ 27  50  68 831  25  28]
 [ 52  27  58  35 864  43]
 [ 17  28  92  28  19 841]]
	Precision: 0.7897759636596157
	Recall: 0.7898280268848556
	Accuracy: 0.7900662251655629
Fold 7
	Confusion matrix: [[830  94  47  38  61  31]
 [ 50 747  86  16  15  18]
 [ 28  76 657  41  28  33]
 [ 19  43  76 842  21  30]
 [ 59  25  50  31 865  42]
 [ 22  32  99  33  20 835]]
	Precision: 0.7903932068799384
	Recall: 0.7911830427687461
	Accuracy: 0.7907284768211921
Fold 8
	Confusion matrix: [[846  87  44  33  63  25]
 [ 42 763  91  22  15  17]
 [ 26  79 654  40  25  40]
 [ 25  38  78 851  25  28]
 [ 58  15  53  20 871  41]
 [ 15  31  94  31  26 828]]
	Precision: 0.7960007508772963
	Recall: 0.7972041410081268
	Accuracy: 0.7968543046357616
Fold 9
	Confusion matrix: [[838  95  41  40  51  27]
 [ 45 749  83  24  21  21]
 [ 30  72 679  47  21  33]
 [ 23  35  72 825  31  28]
 [ 60  19  60  24 870  43]
 [ 25  29  93  29  24 833]]
	Precision: 0.7933438238787437
	Recall: 0.7942496089301451
	Accuracy: 0.7937086092715232
Fold 10
	Confusion matrix: [[840  92  53  41  46  31]
 [ 47 777  83  26  20  16]
 [ 26  74 665  43  17  36]
 [ 16  35  73 831  25  35]
 [ 59  21  52  29 881  36]
 [ 19  24  88  24  22 837]]
	Precision: 0.7995319775696736
	Recall: 0.8002570260911478
	Accuracy: 0.7998344370860927
Average Scores 
	Confusion matrix: [[844.7 100.2  50.1  37.8  55.7  31.8]
 [ 44.6 750.9  84.7  25.7  18.7  18. ]
 [ 26.3  75.1 652.   44.2  23.5  33.4]
 [ 21.   37.8  76.6 834.4  23.3  30.4]
 [ 56.6  23.2  53.1  28.3 870.7  41.1]
 [ 19.2  29.9  87.9  26.9  22.3 840.1]]
	Precision: 0.7932185185479212
	Recall: 0.7935821471755641
	Accuracy: 0.7934837248997195
